671593,58338,4310379,9212166,867590,28145748,3302692,
1113943,212801,10292,14561023,5323203,1960050,6018940,2993192,
5594793,73152,420509,564736,3956139,1198913,1670478,1023317,
27517,705370,18159122,1294311,3160294,
47406,13804302,1893126,23098486,26040235,25628614,

18023495,20728711,42456262,4365050,59336265,52141,
8159347,801146,6562350,9406623,43259598,33590509,45401387,

2276284,17705415, 10608235, 15461810,4197637,
38506230, 1867047, 35104549, 1055457,
2539925,5134892,414162,24088106,414162,

5229572,16731,2956783,29759565,4387210,44400,   
4754550,258003,11777115,13469703,112956,544479,   
38879432,4816744,15847203,375096,1852636,

27060505,326359,215798,5168395,14068082,
4816744, 268572,839617,4238462,30795,12120406,  
12838739,6908845,31659436,3257985,25760573,13992671

264932,376647,6662895,30943749,35907,49973194,
419808,20728711,38088, 40912

24234, 20728711, 890269, 4357504, 341433, 1840049
2709432, 7711386, 14325286